num crossings	time (s)	maj axis (mm)	min axis (mm)	theta (rad )	slope (V/s)
303	1939.569762	0.660553	-46.408504	2.316137	2.414678
305	1941.660888	89.263708	-2.736298	3.674773	142.208142
307	1943.751597	76.528521	-2.720528	3.675908	107.351430
309	1945.842290	64.929714	-2.610273	3.672708	76.609648
311	1947.934341	53.970434	-2.423490	3.669679	52.394485
313	1950.026815	43.986316	-2.251391	3.665745	37.951063
315	1952.119227	35.666152	-1.962438	3.664085	25.678080
317	1954.208109	28.398773	-1.638209	3.663295	16.447023
319	1956.300695	22.738674	-1.365476	3.662816	11.466577
