num crossings	time (s)	maj axis (mm)	min axis (mm)	theta (rad )	slope (V/s)
279	1911.611019	98.211693	-3.578717	3.739882	207.305721
281	1913.702864	84.480898	-3.521992	3.744357	129.635284
283	1915.791801	72.243924	-3.361794	3.743994	110.290185
285	1917.881699	60.822454	-3.192196	3.740038	66.778489
287	1919.972003	50.006815	-3.001966	3.736828	48.612677
289	1922.065777	40.607455	-2.720021	3.733479	32.495308
291	1924.158996	32.905528	-2.328904	3.732744	23.423677
293	1926.254046	26.546961	-1.972347	3.734397	15.237000
295	1928.346081	21.376906	-1.639637	3.733083	9.100980
