crossing time (s)	slope (V/s)	crossing number
281474976710655.000000	Inf	191	0.000000
281474976710655.000000	-189.157410	192	0.000000
281474976710655.000000	-71.897392	193	0.000000
281474976710655.000000	-37.135033	194	0.000000
281474976710655.000000	-37.942940	195	0.000000
281474976710655.000000	-25.044451	196	0.000000
281474976710655.000000	-15.339510	197	0.000000
281474976710655.000000	-11.486347	198	0.000000
281474976710655.000000	-7.159383	199	0.000000
281474976710655.000000	-4.963476	200	0.000000
281474976710655.000000	-3.266549	201	0.000000
281474976710655.000000	-2.263813	202	0.000000
