crossing time (s)	slope (V/s)	crossing number
281474976710655.000000	Inf	729	0.000000
281474976710655.000000	Inf	730	0.000000
281474976710655.000000	131.203140	731	0.000000
281474976710655.000000	122.781219	732	0.000000
281474976710655.000000	101.982178	733	0.000000
281474976710655.000000	83.845634	734	0.000000
281474976710655.000000	77.648071	735	0.000000
281474976710655.000000	59.539387	736	0.000000
281474976710655.000000	51.199230	737	0.000000
281474976710655.000000	37.667915	738	0.000000
281474976710655.000000	42.116234	739	0.000000
281474976710655.000000	28.233313	740	0.000000
281474976710655.000000	23.181355	741	0.000000
281474976710655.000000	21.400797	742	0.000000
281474976710655.000000	18.263487	743	0.000000
281474976710655.000000	15.365522	744	0.000000
281474976710655.000000	13.133026	745	0.000000
281474976710655.000000	10.625660	746	0.000000
281474976710655.000000	8.937001	747	0.000000
281474976710655.000000	7.709974	748	0.000000
281474976710655.000000	6.266239	749	0.000000
281474976710655.000000	5.122546	750	0.000000
