crossing time (s)	slope (V/s)	crossing number
281474976710655.000000	62.130360	3134	0.000000
281474976710655.000000	119.499580	3135	0.000000
281474976710655.000000	110.659454	3136	0.000000
281474976710655.000000	Inf	3137	0.000000
281474976710655.000000	102.661545	3138	0.000000
281474976710655.000000	58.050938	3139	0.000000
281474976710655.000000	111.241287	3140	0.000000
281474976710655.000000	113.030121	3141	0.000000
281474976710655.000000	Inf	3142	0.000000
281474976710655.000000	95.503685	3143	0.000000
281474976710655.000000	Inf	3144	0.000000
281474976710655.000000	100.778877	3145	0.000000
281474976710655.000000	106.503624	3146	0.000000
281474976710655.000000	50.867222	3147	0.000000
281474976710655.000000	49.339119	3148	0.000000
281474976710655.000000	102.330978	3149	0.000000
281474976710655.000000	99.390335	3150	0.000000
281474976710655.000000	97.491386	3151	0.000000
281474976710655.000000	50.146652	3152	0.000000
281474976710655.000000	Inf	3153	0.000000
281474976710655.000000	92.354988	3154	0.000000
281474976710655.000000	185.521072	3155	0.000000
281474976710655.000000	62.803154	3156	0.000000
281474976710655.000000	59.812492	3157	0.000000
281474976710655.000000	84.003510	3158	0.000000
281474976710655.000000	89.768700	3159	0.000000
281474976710655.000000	91.593651	3160	0.000000
281474976710655.000000	83.897453	3161	0.000000
281474976710655.000000	85.609932	3162	0.000000
281474976710655.000000	44.447922	3163	0.000000
281474976710655.000000	57.013767	3164	0.000000
281474976710655.000000	157.416687	3165	0.000000
281474976710655.000000	53.962860	3166	0.000000
281474976710655.000000	163.229935	3167	0.000000
281474976710655.000000	82.282791	3168	0.000000
281474976710655.000000	79.753754	3169	0.000000
281474976710655.000000	40.686417	3170	0.000000
281474976710655.000000	51.750603	3171	0.000000
281474976710655.000000	141.212341	3172	0.000000
281474976710655.000000	56.970879	3173	0.000000
281474976710655.000000	78.935043	3174	0.000000
281474976710655.000000	75.689720	3175	0.000000
281474976710655.000000	73.847694	3176	0.000000
281474976710655.000000	37.423584	3177	0.000000
281474976710655.000000	53.983978	3178	0.000000
281474976710655.000000	72.515739	3179	0.000000
281474976710655.000000	53.910519	3180	0.000000
281474976710655.000000	52.754608	3181	0.000000
281474976710655.000000	76.092827	3182	0.000000
281474976710655.000000	76.347389	3183	0.000000
281474976710655.000000	68.076912	3184	0.000000
281474976710655.000000	62.790886	3185	0.000000
281474976710655.000000	96.748657	3186	0.000000
281474976710655.000000	42.411812	3187	0.000000
281474976710655.000000	128.119858	3188	0.000000
281474976710655.000000	41.602020	3189	0.000000
281474976710655.000000	64.819031	3190	0.000000
281474976710655.000000	61.409546	3191	0.000000
281474976710655.000000	45.685535	3192	0.000000
281474976710655.000000	39.549587	3193	0.000000
281474976710655.000000	59.401207	3194	0.000000
281474976710655.000000	59.921890	3195	0.000000
281474976710655.000000	38.455532	3196	0.000000
281474976710655.000000	55.758915	3197	0.000000
281474976710655.000000	61.880882	3198	0.000000
281474976710655.000000	37.588486	3199	0.000000
281474976710655.000000	42.165558	3200	0.000000
281474976710655.000000	42.300892	3201	0.000000
281474976710655.000000	56.144890	3202	0.000000
281474976710655.000000	84.308708	3203	0.000000
281474976710655.000000	35.338665	3204	0.000000
281474976710655.000000	53.921467	3205	0.000000
281474976710655.000000	52.541283	3206	0.000000
281474976710655.000000	51.694088	3207	0.000000
281474976710655.000000	58.295185	3208	0.000000
281474976710655.000000	50.530853	3209	0.000000
281474976710655.000000	40.630566	3210	0.000000
281474976710655.000000	32.595798	3211	0.000000
281474976710655.000000	47.135155	3212	0.000000
281474976710655.000000	39.661488	3213	0.000000
281474976710655.000000	48.040031	3214	0.000000
281474976710655.000000	63.676167	3215	0.000000
281474976710655.000000	38.574890	3216	0.000000
281474976710655.000000	36.995583	3217	0.000000
281474976710655.000000	50.611877	3218	0.000000
281474976710655.000000	62.821003	3219	0.000000
281474976710655.000000	61.735249	3220	0.000000
281474976710655.000000	37.927006	3221	0.000000
281474976710655.000000	45.898598	3222	0.000000
281474976710655.000000	59.937237	3223	0.000000
281474976710655.000000	47.743237	3224	0.000000
281474976710655.000000	37.242489	3225	0.000000
281474976710655.000000	35.883331	3226	0.000000
281474976710655.000000	40.488853	3227	0.000000
281474976710655.000000	33.396080	3228	0.000000
281474976710655.000000	41.919762	3229	0.000000
281474976710655.000000	32.400795	3230	0.000000
281474976710655.000000	32.003983	3231	0.000000
281474976710655.000000	32.806637	3232	0.000000
281474976710655.000000	31.334257	3233	0.000000
281474976710655.000000	39.988949	3234	0.000000
281474976710655.000000	37.917561	3235	0.000000
281474976710655.000000	32.826981	3236	0.000000
281474976710655.000000	44.854828	3237	0.000000
281474976710655.000000	30.881016	3238	0.000000
281474976710655.000000	32.981384	3239	0.000000
281474976710655.000000	35.437778	3240	0.000000
281474976710655.000000	31.952406	3241	0.000000
281474976710655.000000	34.284233	3242	0.000000
281474976710655.000000	30.884922	3243	0.000000
281474976710655.000000	31.534115	3244	0.000000
281474976710655.000000	29.565323	3245	0.000000
281474976710655.000000	28.670704	3246	0.000000
281474976710655.000000	34.411076	3247	0.000000
281474976710655.000000	27.306971	3248	0.000000
281474976710655.000000	27.305384	3249	0.000000
281474976710655.000000	31.536411	3250	0.000000
281474976710655.000000	30.976555	3251	0.000000
281474976710655.000000	30.799620	3252	0.000000
281474976710655.000000	28.496122	3253	0.000000
281474976710655.000000	25.803352	3254	0.000000
281474976710655.000000	29.529484	3255	0.000000
281474976710655.000000	31.558720	3256	0.000000
281474976710655.000000	28.183788	3257	0.000000
281474976710655.000000	24.801567	3258	0.000000
281474976710655.000000	27.204258	3259	0.000000
281474976710655.000000	28.739988	3260	0.000000
281474976710655.000000	24.060814	3261	0.000000
281474976710655.000000	25.099981	3262	0.000000
281474976710655.000000	25.804268	3263	0.000000
281474976710655.000000	25.115345	3264	0.000000
281474976710655.000000	24.861059	3265	0.000000
281474976710655.000000	25.248302	3266	0.000000
281474976710655.000000	23.754457	3267	0.000000
281474976710655.000000	23.400736	3268	0.000000
281474976710655.000000	25.209209	3269	0.000000
281474976710655.000000	25.654787	3270	0.000000
281474976710655.000000	23.194345	3271	0.000000
281474976710655.000000	23.200455	3272	0.000000
281474976710655.000000	22.731058	3273	0.000000
281474976710655.000000	22.423771	3274	0.000000
281474976710655.000000	21.289835	3275	0.000000
281474976710655.000000	21.061192	3276	0.000000
281474976710655.000000	20.382784	3277	0.000000
281474976710655.000000	21.284536	3278	0.000000
281474976710655.000000	19.859760	3279	0.000000
281474976710655.000000	20.151875	3280	0.000000
281474976710655.000000	20.030420	3281	0.000000
281474976710655.000000	19.378391	3282	0.000000
281474976710655.000000	19.207962	3283	0.000000
281474976710655.000000	18.893229	3284	0.000000
281474976710655.000000	19.186798	3285	0.000000
281474976710655.000000	19.073477	3286	0.000000
281474976710655.000000	18.593138	3287	0.000000
281474976710655.000000	17.530872	3288	0.000000
281474976710655.000000	17.694502	3289	0.000000
281474976710655.000000	18.005251	3290	0.000000
281474976710655.000000	18.163208	3291	0.000000
281474976710655.000000	17.401730	3292	0.000000
281474976710655.000000	16.629250	3293	0.000000
281474976710655.000000	16.652660	3294	0.000000
281474976710655.000000	17.082319	3295	0.000000
281474976710655.000000	16.558872	3296	0.000000
281474976710655.000000	16.215252	3297	0.000000
281474976710655.000000	15.787691	3298	0.000000
281474976710655.000000	16.052616	3299	0.000000
281474976710655.000000	16.119568	3300	0.000000
281474976710655.000000	14.774101	3301	0.000000
281474976710655.000000	16.054136	3302	0.000000
281474976710655.000000	14.376366	3303	0.000000
281474976710655.000000	14.043069	3304	0.000000
281474976710655.000000	14.158467	3305	0.000000
281474976710655.000000	13.701606	3306	0.000000
281474976710655.000000	14.413919	3307	0.000000
281474976710655.000000	13.740500	3308	0.000000
281474976710655.000000	14.723406	3309	0.000000
281474976710655.000000	14.523458	3310	0.000000
281474976710655.000000	12.908879	3311	0.000000
281474976710655.000000	12.438116	3312	0.000000
281474976710655.000000	13.128076	3313	0.000000
281474976710655.000000	13.200813	3314	0.000000
281474976710655.000000	12.019070	3315	0.000000
281474976710655.000000	12.782096	3316	0.000000
281474976710655.000000	12.254937	3317	0.000000
281474976710655.000000	12.192307	3318	0.000000
281474976710655.000000	11.782784	3319	0.000000
281474976710655.000000	11.247281	3320	0.000000
281474976710655.000000	11.400168	3321	0.000000
281474976710655.000000	11.343668	3322	0.000000
281474976710655.000000	11.952618	3323	0.000000
281474976710655.000000	11.405111	3324	0.000000
281474976710655.000000	11.139436	3325	0.000000
281474976710655.000000	10.914369	3326	0.000000
281474976710655.000000	10.557551	3327	0.000000
281474976710655.000000	10.731037	3328	0.000000
281474976710655.000000	10.231833	3329	0.000000
281474976710655.000000	10.066158	3330	0.000000
281474976710655.000000	10.114812	3331	0.000000
281474976710655.000000	10.081844	3332	0.000000
281474976710655.000000	9.937271	3333	0.000000
