crossing time (s)	slope (V/s)	crossing number
281474976710655.000000	Inf	5074	0.000000
281474976710655.000000	117.878212	5075	0.000000
281474976710655.000000	57.968544	5076	0.000000
281474976710655.000000	120.724998	5077	0.000000
281474976710655.000000	Inf	5078	0.000000
281474976710655.000000	117.843025	5079	0.000000
281474976710655.000000	58.395130	5080	0.000000
281474976710655.000000	Inf	5081	0.000000
281474976710655.000000	115.700073	5082	0.000000
281474976710655.000000	118.829391	5083	0.000000
281474976710655.000000	Inf	5084	0.000000
281474976710655.000000	113.399681	5085	0.000000
281474976710655.000000	Inf	5086	0.000000
281474976710655.000000	59.410320	5087	0.000000
281474976710655.000000	111.136497	5088	0.000000
281474976710655.000000	111.318520	5089	0.000000
281474976710655.000000	Inf	5090	0.000000
281474976710655.000000	109.808044	5091	0.000000
281474976710655.000000	105.975891	5092	0.000000
281474976710655.000000	104.305267	5093	0.000000
281474976710655.000000	107.438499	5094	0.000000
281474976710655.000000	101.816048	5095	0.000000
281474976710655.000000	108.600143	5096	0.000000
281474976710655.000000	110.503296	5097	0.000000
281474976710655.000000	104.414459	5098	0.000000
281474976710655.000000	101.816048	5099	0.000000
281474976710655.000000	107.132248	5100	0.000000
281474976710655.000000	99.821709	5101	0.000000
281474976710655.000000	98.202927	5102	0.000000
281474976710655.000000	98.790977	5103	0.000000
281474976710655.000000	48.739021	5104	0.000000
281474976710655.000000	99.537056	5105	0.000000
281474976710655.000000	100.279816	5106	0.000000
281474976710655.000000	Inf	5107	0.000000
281474976710655.000000	199.919449	5108	0.000000
281474976710655.000000	100.756210	5109	0.000000
281474976710655.000000	47.480820	5110	0.000000
281474976710655.000000	93.996407	5111	0.000000
281474976710655.000000	92.924309	5112	0.000000
281474976710655.000000	Inf	5113	0.000000
281474976710655.000000	Inf	5114	0.000000
281474976710655.000000	92.452156	5115	0.000000
281474976710655.000000	96.247986	5116	0.000000
281474976710655.000000	61.668434	5117	0.000000
281474976710655.000000	90.807114	5118	0.000000
281474976710655.000000	90.696114	5119	0.000000
281474976710655.000000	87.619362	5120	0.000000
281474976710655.000000	88.555763	5121	0.000000
281474976710655.000000	59.969627	5122	0.000000
281474976710655.000000	43.867077	5123	0.000000
281474976710655.000000	91.372047	5124	0.000000
281474976710655.000000	90.035049	5125	0.000000
281474976710655.000000	42.216484	5126	0.000000
281474976710655.000000	94.462425	5127	0.000000
281474976710655.000000	172.408463	5128	0.000000
281474976710655.000000	89.390038	5129	0.000000
281474976710655.000000	56.770962	5130	0.000000
281474976710655.000000	83.193474	5131	0.000000
281474976710655.000000	79.881889	5132	0.000000
281474976710655.000000	54.153992	5133	0.000000
281474976710655.000000	171.004333	5134	0.000000
281474976710655.000000	54.003078	5135	0.000000
281474976710655.000000	40.397617	5136	0.000000
281474976710655.000000	53.931408	5137	0.000000
281474976710655.000000	78.233826	5138	0.000000
281474976710655.000000	80.283852	5139	0.000000
281474976710655.000000	51.932404	5140	0.000000
281474976710655.000000	162.268402	5141	0.000000
281474976710655.000000	75.881081	5142	0.000000
281474976710655.000000	84.107277	5143	0.000000
281474976710655.000000	76.685951	5144	0.000000
281474976710655.000000	154.253067	5145	0.000000
281474976710655.000000	56.947685	5146	0.000000
281474976710655.000000	75.423523	5147	0.000000
281474976710655.000000	74.727730	5148	0.000000
281474976710655.000000	49.684486	5149	0.000000
281474976710655.000000	69.849236	5150	0.000000
281474976710655.000000	55.359978	5151	0.000000
281474976710655.000000	46.091545	5152	0.000000
281474976710655.000000	72.192383	5153	0.000000
281474976710655.000000	72.879562	5154	0.000000
281474976710655.000000	67.537788	5155	0.000000
281474976710655.000000	53.144867	5156	0.000000
281474976710655.000000	74.727867	5157	0.000000
281474976710655.000000	72.901131	5158	0.000000
281474976710655.000000	35.158836	5159	0.000000
281474976710655.000000	70.329659	5160	0.000000
281474976710655.000000	51.899567	5161	0.000000
281474976710655.000000	66.250801	5162	0.000000
281474976710655.000000	51.044209	5163	0.000000
281474976710655.000000	73.172691	5164	0.000000
281474976710655.000000	63.729069	5165	0.000000
281474976710655.000000	68.083176	5166	0.000000
281474976710655.000000	94.013153	5167	0.000000
281474976710655.000000	65.715660	5168	0.000000
281474976710655.000000	65.051025	5169	0.000000
281474976710655.000000	62.085926	5170	0.000000
281474976710655.000000	71.293045	5171	0.000000
281474976710655.000000	98.370522	5172	0.000000
281474976710655.000000	63.103592	5173	0.000000
281474976710655.000000	47.403427	5174	0.000000
281474976710655.000000	47.306557	5175	0.000000
281474976710655.000000	39.321022	5176	0.000000
281474976710655.000000	45.419399	5177	0.000000
281474976710655.000000	65.835991	5178	0.000000
281474976710655.000000	57.968445	5179	0.000000
281474976710655.000000	116.208916	5180	0.000000
281474976710655.000000	58.638813	5181	0.000000
281474976710655.000000	39.871769	5182	0.000000
281474976710655.000000	59.193581	5183	0.000000
281474976710655.000000	65.100395	5184	0.000000
281474976710655.000000	38.138447	5185	0.000000
281474976710655.000000	45.451981	5186	0.000000
281474976710655.000000	36.571270	5187	0.000000
281474976710655.000000	54.595413	5188	0.000000
281474976710655.000000	64.290237	5189	0.000000
281474976710655.000000	54.265862	5190	0.000000
281474976710655.000000	52.608036	5191	0.000000
281474976710655.000000	53.061676	5192	0.000000
281474976710655.000000	54.589725	5193	0.000000
281474976710655.000000	67.853088	5194	0.000000
281474976710655.000000	43.327164	5195	0.000000
281474976710655.000000	48.814358	5196	0.000000
281474976710655.000000	54.475594	5197	0.000000
281474976710655.000000	71.376503	5198	0.000000
281474976710655.000000	48.788551	5199	0.000000
281474976710655.000000	48.513046	5200	0.000000
281474976710655.000000	57.097069	5201	0.000000
281474976710655.000000	48.281570	5202	0.000000
281474976710655.000000	48.094559	5203	0.000000
281474976710655.000000	40.497944	5204	0.000000
281474976710655.000000	65.805000	5205	0.000000
281474976710655.000000	47.728031	5206	0.000000
281474976710655.000000	35.811485	5207	0.000000
281474976710655.000000	66.100960	5208	0.000000
281474976710655.000000	53.715878	5209	0.000000
281474976710655.000000	55.933331	5210	0.000000
281474976710655.000000	46.952858	5211	0.000000
281474976710655.000000	56.776722	5212	0.000000
281474976710655.000000	38.189953	5213	0.000000
281474976710655.000000	48.239548	5214	0.000000
281474976710655.000000	42.700993	5215	0.000000
281474976710655.000000	57.376446	5216	0.000000
281474976710655.000000	41.265205	5217	0.000000
281474976710655.000000	35.826988	5218	0.000000
281474976710655.000000	42.533066	5219	0.000000
281474976710655.000000	39.612919	5220	0.000000
281474976710655.000000	36.049049	5221	0.000000
281474976710655.000000	48.291584	5222	0.000000
281474976710655.000000	60.443874	5223	0.000000
281474976710655.000000	40.339844	5224	0.000000
281474976710655.000000	53.122906	5225	0.000000
281474976710655.000000	40.271053	5226	0.000000
281474976710655.000000	46.642384	5227	0.000000
281474976710655.000000	46.365982	5228	0.000000
281474976710655.000000	38.732365	5229	0.000000
281474976710655.000000	38.993511	5230	0.000000
281474976710655.000000	42.513882	5231	0.000000
281474976710655.000000	38.166367	5232	0.000000
281474976710655.000000	31.327877	5233	0.000000
281474976710655.000000	36.645748	5234	0.000000
281474976710655.000000	36.407135	5235	0.000000
281474976710655.000000	34.306873	5236	0.000000
281474976710655.000000	40.230095	5237	0.000000
281474976710655.000000	30.061829	5238	0.000000
281474976710655.000000	29.572266	5239	0.000000
281474976710655.000000	31.347715	5240	0.000000
281474976710655.000000	39.190464	5241	0.000000
281474976710655.000000	33.159863	5242	0.000000
281474976710655.000000	33.619564	5243	0.000000
281474976710655.000000	34.014107	5244	0.000000
281474976710655.000000	33.306690	5245	0.000000
281474976710655.000000	32.251732	5246	0.000000
281474976710655.000000	30.904043	5247	0.000000
281474976710655.000000	28.537979	5248	0.000000
281474976710655.000000	35.560425	5249	0.000000
281474976710655.000000	31.105083	5250	0.000000
281474976710655.000000	28.228020	5251	0.000000
281474976710655.000000	35.438557	5252	0.000000
281474976710655.000000	28.920788	5253	0.000000
281474976710655.000000	35.440853	5254	0.000000
281474976710655.000000	29.830536	5255	0.000000
281474976710655.000000	32.757500	5256	0.000000
281474976710655.000000	30.769695	5257	0.000000
281474976710655.000000	30.974682	5258	0.000000
281474976710655.000000	30.090776	5259	0.000000
281474976710655.000000	32.821495	5260	0.000000
281474976710655.000000	27.437387	5261	0.000000
281474976710655.000000	30.913126	5262	0.000000
281474976710655.000000	27.390617	5263	0.000000
281474976710655.000000	32.362377	5264	0.000000
281474976710655.000000	30.398108	5265	0.000000
281474976710655.000000	32.453239	5266	0.000000
281474976710655.000000	32.835068	5267	0.000000
281474976710655.000000	29.537745	5268	0.000000
281474976710655.000000	29.718904	5269	0.000000
281474976710655.000000	28.922398	5270	0.000000
281474976710655.000000	26.869703	5271	0.000000
281474976710655.000000	27.840937	5272	0.000000
281474976710655.000000	29.422476	5273	0.000000
281474976710655.000000	28.155979	5274	0.000000
281474976710655.000000	27.868565	5275	0.000000
281474976710655.000000	28.176188	5276	0.000000
281474976710655.000000	25.870865	5277	0.000000
281474976710655.000000	23.245359	5278	0.000000
281474976710655.000000	24.768837	5279	0.000000
281474976710655.000000	25.746214	5280	0.000000
281474976710655.000000	22.645294	5281	0.000000
281474976710655.000000	25.894127	5282	0.000000
281474976710655.000000	29.280613	5283	0.000000
281474976710655.000000	25.295471	5284	0.000000
281474976710655.000000	23.548298	5285	0.000000
281474976710655.000000	24.825388	5286	0.000000
281474976710655.000000	22.106224	5287	0.000000
281474976710655.000000	22.956823	5288	0.000000
281474976710655.000000	22.446247	5289	0.000000
281474976710655.000000	25.915482	5290	0.000000
281474976710655.000000	21.069963	5291	0.000000
281474976710655.000000	22.954842	5292	0.000000
281474976710655.000000	24.418776	5293	0.000000
281474976710655.000000	23.313986	5294	0.000000
281474976710655.000000	22.757767	5295	0.000000
281474976710655.000000	23.977007	5296	0.000000
281474976710655.000000	23.928572	5297	0.000000
281474976710655.000000	22.772226	5298	0.000000
281474976710655.000000	23.951769	5299	0.000000
281474976710655.000000	19.274757	5300	0.000000
281474976710655.000000	22.643974	5301	0.000000
281474976710655.000000	21.569653	5302	0.000000
281474976710655.000000	21.943548	5303	0.000000
281474976710655.000000	21.381063	5304	0.000000
281474976710655.000000	20.227278	5305	0.000000
281474976710655.000000	20.639191	5306	0.000000
281474976710655.000000	20.024172	5307	0.000000
281474976710655.000000	21.127386	5308	0.000000
281474976710655.000000	19.185595	5309	0.000000
281474976710655.000000	19.873766	5310	0.000000
281474976710655.000000	20.632389	5311	0.000000
281474976710655.000000	19.405203	5312	0.000000
281474976710655.000000	20.618147	5313	0.000000
281474976710655.000000	20.064632	5314	0.000000
281474976710655.000000	19.408876	5315	0.000000
281474976710655.000000	19.072681	5316	0.000000
281474976710655.000000	19.073236	5317	0.000000
281474976710655.000000	18.741364	5318	0.000000
281474976710655.000000	18.037071	5319	0.000000
281474976710655.000000	18.809067	5320	0.000000
281474976710655.000000	17.948309	5321	0.000000
281474976710655.000000	18.461117	5322	0.000000
281474976710655.000000	17.886572	5323	0.000000
281474976710655.000000	18.441143	5324	0.000000
281474976710655.000000	17.124258	5325	0.000000
281474976710655.000000	17.824224	5326	0.000000
281474976710655.000000	16.417257	5327	0.000000
281474976710655.000000	17.819506	5328	0.000000
281474976710655.000000	16.981619	5329	0.000000
281474976710655.000000	17.240795	5330	0.000000
281474976710655.000000	17.320507	5331	0.000000
281474976710655.000000	17.152775	5332	0.000000
281474976710655.000000	17.036869	5333	0.000000
281474976710655.000000	16.000801	5334	0.000000
281474976710655.000000	16.464752	5335	0.000000
281474976710655.000000	16.133797	5336	0.000000
281474976710655.000000	16.252645	5337	0.000000
281474976710655.000000	16.389915	5338	0.000000
281474976710655.000000	15.598478	5339	0.000000
281474976710655.000000	15.245975	5340	0.000000
281474976710655.000000	15.865886	5341	0.000000
281474976710655.000000	15.451893	5342	0.000000
281474976710655.000000	15.146198	5343	0.000000
281474976710655.000000	14.856819	5344	0.000000
281474976710655.000000	14.799195	5345	0.000000
281474976710655.000000	14.926281	5346	0.000000
281474976710655.000000	15.010589	5347	0.000000
281474976710655.000000	14.401928	5348	0.000000
281474976710655.000000	15.031711	5349	0.000000
281474976710655.000000	15.220724	5350	0.000000
281474976710655.000000	14.310938	5351	0.000000
281474976710655.000000	14.027939	5352	0.000000
281474976710655.000000	14.487516	5353	0.000000
281474976710655.000000	13.495205	5354	0.000000
281474976710655.000000	14.163033	5355	0.000000
281474976710655.000000	13.481358	5356	0.000000
281474976710655.000000	13.532066	5357	0.000000
281474976710655.000000	13.930360	5358	0.000000
281474976710655.000000	13.472349	5359	0.000000
281474976710655.000000	13.767249	5360	0.000000
281474976710655.000000	12.995376	5361	0.000000
281474976710655.000000	13.507007	5362	0.000000
281474976710655.000000	12.704910	5363	0.000000
281474976710655.000000	13.046946	5364	0.000000
281474976710655.000000	12.318755	5365	0.000000
281474976710655.000000	13.077246	5366	0.000000
281474976710655.000000	12.222845	5367	0.000000
281474976710655.000000	12.294323	5368	0.000000
281474976710655.000000	11.949562	5369	0.000000
281474976710655.000000	12.246754	5370	0.000000
281474976710655.000000	11.735557	5371	0.000000
281474976710655.000000	12.353006	5372	0.000000
281474976710655.000000	11.774365	5373	0.000000
281474976710655.000000	11.876619	5374	0.000000
281474976710655.000000	11.312219	5375	0.000000
281474976710655.000000	11.749459	5376	0.000000
281474976710655.000000	11.151810	5377	0.000000
281474976710655.000000	11.494631	5378	0.000000
281474976710655.000000	10.802925	5379	0.000000
281474976710655.000000	10.822034	5380	0.000000
281474976710655.000000	11.017465	5381	0.000000
281474976710655.000000	10.679081	5382	0.000000
281474976710655.000000	10.766477	5383	0.000000
281474976710655.000000	10.855766	5384	0.000000
281474976710655.000000	10.392682	5385	0.000000
281474976710655.000000	10.532805	5386	0.000000
281474976710655.000000	10.311880	5387	0.000000
281474976710655.000000	10.292222	5388	0.000000
281474976710655.000000	10.077385	5389	0.000000
281474976710655.000000	10.035537	5390	0.000000
281474976710655.000000	10.144784	5391	0.000000
281474976710655.000000	9.823667	5392	0.000000
281474976710655.000000	9.749396	5393	0.000000
281474976710655.000000	9.747972	5394	0.000000
281474976710655.000000	9.454195	5395	0.000000
281474976710655.000000	9.860184	5396	0.000000
281474976710655.000000	9.277432	5397	0.000000
281474976710655.000000	9.546980	5398	0.000000
281474976710655.000000	8.967544	5399	0.000000
281474976710655.000000	9.222470	5400	0.000000
281474976710655.000000	8.986214	5401	0.000000
281474976710655.000000	9.126272	5402	0.000000
281474976710655.000000	8.843562	5403	0.000000
281474976710655.000000	8.874469	5404	0.000000
281474976710655.000000	8.824259	5405	0.000000
281474976710655.000000	8.785530	5406	0.000000
281474976710655.000000	8.426052	5407	0.000000
