crossing time (s)	slope (V/s)	crossing number
281474976710655.000000	Inf	161	0.000000
281474976710655.000000	Inf	162	0.000000
281474976710655.000000	-94.746742	163	0.000000
281474976710655.000000	-148.447220	164	0.000000
281474976710655.000000	-57.038689	165	0.000000
281474976710655.000000	-44.756985	166	0.000000
281474976710655.000000	-28.243563	167	0.000000
281474976710655.000000	-17.433361	168	0.000000
281474976710655.000000	-11.042030	169	0.000000
281474976710655.000000	-8.183145	170	0.000000
281474976710655.000000	-5.203774	171	0.000000
281474976710655.000000	-3.570073	172	0.000000
281474976710655.000000	-2.051456	173	0.000000
281474976710655.000000	-1.432598	174	0.000000
