crossing time (s)	slope (V/s)	crossing number
281474976710655.000000	133.554245	3568	0.000000
281474976710655.000000	137.097824	3569	0.000000
281474976710655.000000	132.704147	3570	0.000000
281474976710655.000000	120.332222	3571	0.000000
281474976710655.000000	122.477440	3572	0.000000
281474976710655.000000	127.845314	3573	0.000000
281474976710655.000000	129.694168	3574	0.000000
281474976710655.000000	Inf	3575	0.000000
281474976710655.000000	120.540787	3576	0.000000
281474976710655.000000	114.125557	3577	0.000000
281474976710655.000000	63.347477	3578	0.000000
281474976710655.000000	130.580032	3579	0.000000
281474976710655.000000	115.441200	3580	0.000000
281474976710655.000000	Inf	3581	0.000000
281474976710655.000000	119.049347	3582	0.000000
281474976710655.000000	115.401825	3583	0.000000
281474976710655.000000	Inf	3584	0.000000
281474976710655.000000	113.813385	3585	0.000000
281474976710655.000000	116.424698	3586	0.000000
281474976710655.000000	112.332748	3587	0.000000
281474976710655.000000	57.675434	3588	0.000000
281474976710655.000000	111.545799	3589	0.000000
281474976710655.000000	112.322227	3590	0.000000
281474976710655.000000	107.760918	3591	0.000000
281474976710655.000000	53.648678	3592	0.000000
281474976710655.000000	105.646301	3593	0.000000
281474976710655.000000	106.227226	3594	0.000000
281474976710655.000000	100.704048	3595	0.000000
281474976710655.000000	69.512772	3596	0.000000
281474976710655.000000	102.388618	3597	0.000000
281474976710655.000000	103.010544	3598	0.000000
281474976710655.000000	105.803154	3599	0.000000
281474976710655.000000	106.168526	3600	0.000000
281474976710655.000000	Inf	3601	0.000000
281474976710655.000000	192.287079	3602	0.000000
281474976710655.000000	94.553665	3603	0.000000
281474976710655.000000	102.828148	3604	0.000000
281474976710655.000000	100.278046	3605	0.000000
281474976710655.000000	191.066803	3606	0.000000
281474976710655.000000	93.426079	3607	0.000000
281474976710655.000000	47.564594	3608	0.000000
281474976710655.000000	94.160736	3609	0.000000
281474976710655.000000	48.787632	3610	0.000000
281474976710655.000000	45.523033	3611	0.000000
281474976710655.000000	45.407410	3612	0.000000
281474976710655.000000	Inf	3613	0.000000
281474976710655.000000	45.600311	3614	0.000000
281474976710655.000000	88.209915	3615	0.000000
281474976710655.000000	84.497162	3616	0.000000
281474976710655.000000	86.751862	3617	0.000000
281474976710655.000000	86.732628	3618	0.000000
281474976710655.000000	83.970879	3619	0.000000
281474976710655.000000	161.729141	3620	0.000000
281474976710655.000000	179.040833	3621	0.000000
281474976710655.000000	Inf	3622	0.000000
281474976710655.000000	86.780098	3623	0.000000
281474976710655.000000	53.812679	3624	0.000000
281474976710655.000000	60.374855	3625	0.000000
281474976710655.000000	40.716579	3626	0.000000
281474976710655.000000	80.833145	3627	0.000000
281474976710655.000000	76.838326	3628	0.000000
281474976710655.000000	151.592453	3629	0.000000
281474976710655.000000	77.036392	3630	0.000000
281474976710655.000000	65.259460	3631	0.000000
281474976710655.000000	74.927055	3632	0.000000
281474976710655.000000	81.107925	3633	0.000000
281474976710655.000000	72.765633	3634	0.000000
281474976710655.000000	75.468239	3635	0.000000
281474976710655.000000	69.949921	3636	0.000000
281474976710655.000000	71.473831	3637	0.000000
281474976710655.000000	74.112434	3638	0.000000
281474976710655.000000	110.473572	3639	0.000000
281474976710655.000000	80.118401	3640	0.000000
281474976710655.000000	71.909035	3641	0.000000
281474976710655.000000	69.375259	3642	0.000000
281474976710655.000000	67.703964	3643	0.000000
281474976710655.000000	77.244499	3644	0.000000
281474976710655.000000	45.073689	3645	0.000000
281474976710655.000000	51.865597	3646	0.000000
281474976710655.000000	33.914803	3647	0.000000
281474976710655.000000	64.449547	3648	0.000000
281474976710655.000000	42.574810	3649	0.000000
281474976710655.000000	61.017395	3650	0.000000
281474976710655.000000	49.269810	3651	0.000000
281474976710655.000000	42.233353	3652	0.000000
281474976710655.000000	60.263958	3653	0.000000
281474976710655.000000	66.605827	3654	0.000000
281474976710655.000000	64.499763	3655	0.000000
281474976710655.000000	48.035839	3656	0.000000
281474976710655.000000	63.801125	3657	0.000000
281474976710655.000000	117.869743	3658	0.000000
281474976710655.000000	57.316273	3659	0.000000
281474976710655.000000	57.416328	3660	0.000000
281474976710655.000000	58.466816	3661	0.000000
281474976710655.000000	66.168625	3662	0.000000
281474976710655.000000	38.693420	3663	0.000000
281474976710655.000000	58.913860	3664	0.000000
281474976710655.000000	62.132183	3665	0.000000
281474976710655.000000	88.136833	3666	0.000000
281474976710655.000000	77.550079	3667	0.000000
281474976710655.000000	52.894920	3668	0.000000
281474976710655.000000	116.245018	3669	0.000000
281474976710655.000000	36.789917	3670	0.000000
281474976710655.000000	35.455387	3671	0.000000
281474976710655.000000	85.300972	3672	0.000000
281474976710655.000000	34.976566	3673	0.000000
281474976710655.000000	51.616096	3674	0.000000
281474976710655.000000	40.237164	3675	0.000000
281474976710655.000000	52.899784	3676	0.000000
281474976710655.000000	51.440022	3677	0.000000
281474976710655.000000	48.110798	3678	0.000000
281474976710655.000000	47.556904	3679	0.000000
281474976710655.000000	43.848877	3680	0.000000
281474976710655.000000	46.843098	3681	0.000000
281474976710655.000000	36.656025	3682	0.000000
281474976710655.000000	40.823948	3683	0.000000
281474976710655.000000	36.386585	3684	0.000000
281474976710655.000000	59.448799	3685	0.000000
281474976710655.000000	45.465622	3686	0.000000
281474976710655.000000	43.509441	3687	0.000000
281474976710655.000000	50.689804	3688	0.000000
281474976710655.000000	52.955654	3689	0.000000
281474976710655.000000	50.531750	3690	0.000000
281474976710655.000000	62.658257	3691	0.000000
281474976710655.000000	41.595928	3692	0.000000
281474976710655.000000	39.146290	3693	0.000000
281474976710655.000000	54.551754	3694	0.000000
281474976710655.000000	40.799965	3695	0.000000
281474976710655.000000	34.896282	3696	0.000000
281474976710655.000000	40.616737	3697	0.000000
281474976710655.000000	37.637520	3698	0.000000
281474976710655.000000	42.357037	3699	0.000000
281474976710655.000000	33.515213	3700	0.000000
281474976710655.000000	36.306488	3701	0.000000
281474976710655.000000	33.372887	3702	0.000000
281474976710655.000000	35.313931	3703	0.000000
281474976710655.000000	35.898605	3704	0.000000
281474976710655.000000	33.219234	3705	0.000000
281474976710655.000000	39.760433	3706	0.000000
281474976710655.000000	41.796989	3707	0.000000
281474976710655.000000	34.453152	3708	0.000000
281474976710655.000000	30.434088	3709	0.000000
281474976710655.000000	34.134747	3710	0.000000
281474976710655.000000	39.732548	3711	0.000000
281474976710655.000000	31.881674	3712	0.000000
281474976710655.000000	35.802860	3713	0.000000
281474976710655.000000	31.119648	3714	0.000000
281474976710655.000000	39.742706	3715	0.000000
281474976710655.000000	37.458702	3716	0.000000
281474976710655.000000	29.828178	3717	0.000000
281474976710655.000000	36.414608	3718	0.000000
281474976710655.000000	35.876415	3719	0.000000
281474976710655.000000	29.956301	3720	0.000000
281474976710655.000000	28.995508	3721	0.000000
281474976710655.000000	33.306458	3722	0.000000
281474976710655.000000	31.567345	3723	0.000000
281474976710655.000000	30.579060	3724	0.000000
281474976710655.000000	32.216167	3725	0.000000
281474976710655.000000	27.926514	3726	0.000000
281474976710655.000000	33.323906	3727	0.000000
281474976710655.000000	31.037323	3728	0.000000
281474976710655.000000	34.462959	3729	0.000000
281474976710655.000000	34.029064	3730	0.000000
281474976710655.000000	28.264288	3731	0.000000
281474976710655.000000	32.878662	3732	0.000000
281474976710655.000000	29.981258	3733	0.000000
281474976710655.000000	29.509800	3734	0.000000
281474976710655.000000	31.934668	3735	0.000000
281474976710655.000000	28.950844	3736	0.000000
281474976710655.000000	26.498619	3737	0.000000
281474976710655.000000	28.903095	3738	0.000000
281474976710655.000000	27.777931	3739	0.000000
281474976710655.000000	25.831450	3740	0.000000
281474976710655.000000	28.814007	3741	0.000000
281474976710655.000000	27.255096	3742	0.000000
281474976710655.000000	23.894909	3743	0.000000
281474976710655.000000	26.170309	3744	0.000000
281474976710655.000000	25.417101	3745	0.000000
281474976710655.000000	22.317535	3746	0.000000
281474976710655.000000	28.018843	3747	0.000000
281474976710655.000000	21.962858	3748	0.000000
281474976710655.000000	25.133186	3749	0.000000
281474976710655.000000	24.428417	3750	0.000000
281474976710655.000000	23.147301	3751	0.000000
281474976710655.000000	23.927334	3752	0.000000
281474976710655.000000	24.046341	3753	0.000000
281474976710655.000000	22.028357	3754	0.000000
281474976710655.000000	21.792479	3755	0.000000
281474976710655.000000	22.894325	3756	0.000000
281474976710655.000000	22.496958	3757	0.000000
281474976710655.000000	22.107111	3758	0.000000
281474976710655.000000	22.135429	3759	0.000000
281474976710655.000000	22.527327	3760	0.000000
281474976710655.000000	20.951128	3761	0.000000
281474976710655.000000	21.112333	3762	0.000000
281474976710655.000000	20.737333	3763	0.000000
281474976710655.000000	20.908766	3764	0.000000
281474976710655.000000	20.772896	3765	0.000000
281474976710655.000000	20.717249	3766	0.000000
281474976710655.000000	19.689810	3767	0.000000
281474976710655.000000	20.024530	3768	0.000000
281474976710655.000000	19.827730	3769	0.000000
281474976710655.000000	20.368656	3770	0.000000
281474976710655.000000	19.431955	3771	0.000000
281474976710655.000000	19.058285	3772	0.000000
281474976710655.000000	17.767307	3773	0.000000
281474976710655.000000	19.984045	3774	0.000000
281474976710655.000000	17.801874	3775	0.000000
281474976710655.000000	18.447145	3776	0.000000
281474976710655.000000	18.123917	3777	0.000000
281474976710655.000000	16.272802	3778	0.000000
281474976710655.000000	17.409775	3779	0.000000
281474976710655.000000	17.873606	3780	0.000000
281474976710655.000000	17.762360	3781	0.000000
281474976710655.000000	17.399673	3782	0.000000
281474976710655.000000	16.846888	3783	0.000000
281474976710655.000000	17.105610	3784	0.000000
281474976710655.000000	16.637684	3785	0.000000
281474976710655.000000	16.347992	3786	0.000000
281474976710655.000000	16.297806	3787	0.000000
281474976710655.000000	16.686028	3788	0.000000
281474976710655.000000	15.700144	3789	0.000000
281474976710655.000000	15.760406	3790	0.000000
281474976710655.000000	14.811998	3791	0.000000
281474976710655.000000	16.318623	3792	0.000000
281474976710655.000000	14.743997	3793	0.000000
281474976710655.000000	14.825868	3794	0.000000
281474976710655.000000	14.904262	3795	0.000000
281474976710655.000000	15.450781	3796	0.000000
281474976710655.000000	15.437490	3797	0.000000
281474976710655.000000	14.395173	3798	0.000000
281474976710655.000000	14.284167	3799	0.000000
281474976710655.000000	13.958817	3800	0.000000
281474976710655.000000	14.021496	3801	0.000000
281474976710655.000000	13.669300	3802	0.000000
281474976710655.000000	14.358245	3803	0.000000
281474976710655.000000	13.299087	3804	0.000000
281474976710655.000000	12.740203	3805	0.000000
281474976710655.000000	13.464361	3806	0.000000
281474976710655.000000	12.525260	3807	0.000000
281474976710655.000000	12.566834	3808	0.000000
281474976710655.000000	12.462697	3809	0.000000
281474976710655.000000	12.293893	3810	0.000000
281474976710655.000000	12.572296	3811	0.000000
