crossing time (s)	slope (V/s)	crossing number
281474976710655.000000	67.049805	2324	0.000000
281474976710655.000000	144.695099	2325	0.000000
281474976710655.000000	Inf	2326	0.000000
281474976710655.000000	119.463989	2327	0.000000
281474976710655.000000	125.789589	2328	0.000000
281474976710655.000000	118.356895	2329	0.000000
281474976710655.000000	114.380890	2330	0.000000
281474976710655.000000	124.543182	2331	0.000000
281474976710655.000000	Inf	2332	0.000000
281474976710655.000000	112.372963	2333	0.000000
281474976710655.000000	100.939117	2334	0.000000
281474976710655.000000	105.678055	2335	0.000000
281474976710655.000000	113.455574	2336	0.000000
281474976710655.000000	52.923344	2337	0.000000
281474976710655.000000	Inf	2338	0.000000
281474976710655.000000	111.718742	2339	0.000000
281474976710655.000000	103.840790	2340	0.000000
281474976710655.000000	94.966438	2341	0.000000
281474976710655.000000	94.592567	2342	0.000000
281474976710655.000000	96.390656	2343	0.000000
281474976710655.000000	95.286453	2344	0.000000
281474976710655.000000	Inf	2345	0.000000
281474976710655.000000	96.033188	2346	0.000000
281474976710655.000000	59.121586	2347	0.000000
281474976710655.000000	87.797539	2348	0.000000
281474976710655.000000	87.090965	2349	0.000000
281474976710655.000000	84.508110	2350	0.000000
281474976710655.000000	80.323006	2351	0.000000
281474976710655.000000	Inf	2352	0.000000
281474976710655.000000	161.935242	2353	0.000000
281474976710655.000000	161.446350	2354	0.000000
281474976710655.000000	39.837330	2355	0.000000
281474976710655.000000	51.227535	2356	0.000000
281474976710655.000000	49.638729	2357	0.000000
281474976710655.000000	77.160896	2358	0.000000
281474976710655.000000	35.925282	2359	0.000000
281474976710655.000000	110.665649	2360	0.000000
281474976710655.000000	68.216026	2361	0.000000
281474976710655.000000	69.482285	2362	0.000000
281474976710655.000000	49.552406	2363	0.000000
281474976710655.000000	102.968925	2364	0.000000
281474976710655.000000	101.870720	2365	0.000000
281474976710655.000000	41.416088	2366	0.000000
281474976710655.000000	46.739124	2367	0.000000
281474976710655.000000	96.438454	2368	0.000000
281474976710655.000000	55.905117	2369	0.000000
281474976710655.000000	65.838348	2370	0.000000
281474976710655.000000	57.328293	2371	0.000000
281474976710655.000000	55.980042	2372	0.000000
281474976710655.000000	50.612984	2373	0.000000
281474976710655.000000	52.728676	2374	0.000000
281474976710655.000000	58.200874	2375	0.000000
281474976710655.000000	48.574001	2376	0.000000
281474976710655.000000	40.958462	2377	0.000000
281474976710655.000000	45.625374	2378	0.000000
281474976710655.000000	60.695915	2379	0.000000
281474976710655.000000	45.153629	2380	0.000000
281474976710655.000000	45.371128	2381	0.000000
281474976710655.000000	33.019394	2382	0.000000
281474976710655.000000	54.593872	2383	0.000000
281474976710655.000000	57.763950	2384	0.000000
281474976710655.000000	40.536835	2385	0.000000
281474976710655.000000	32.044624	2386	0.000000
281474976710655.000000	31.715233	2387	0.000000
281474976710655.000000	38.269871	2388	0.000000
281474976710655.000000	39.326538	2389	0.000000
281474976710655.000000	46.533127	2390	0.000000
281474976710655.000000	32.810207	2391	0.000000
281474976710655.000000	32.688969	2392	0.000000
281474976710655.000000	29.925894	2393	0.000000
281474976710655.000000	33.528290	2394	0.000000
281474976710655.000000	33.401413	2395	0.000000
281474976710655.000000	34.042538	2396	0.000000
281474976710655.000000	29.218237	2397	0.000000
281474976710655.000000	32.498360	2398	0.000000
281474976710655.000000	31.521654	2399	0.000000
281474976710655.000000	32.681705	2400	0.000000
281474976710655.000000	25.182335	2401	0.000000
281474976710655.000000	29.240131	2402	0.000000
281474976710655.000000	24.236013	2403	0.000000
281474976710655.000000	29.730572	2404	0.000000
281474976710655.000000	26.623632	2405	0.000000
281474976710655.000000	23.006075	2406	0.000000
281474976710655.000000	25.180262	2407	0.000000
281474976710655.000000	22.167185	2408	0.000000
281474976710655.000000	22.806435	2409	0.000000
281474976710655.000000	23.320641	2410	0.000000
281474976710655.000000	21.986767	2411	0.000000
281474976710655.000000	22.716253	2412	0.000000
281474976710655.000000	21.976601	2413	0.000000
281474976710655.000000	21.952341	2414	0.000000
281474976710655.000000	21.161936	2415	0.000000
281474976710655.000000	20.058828	2416	0.000000
281474976710655.000000	19.413025	2417	0.000000
281474976710655.000000	19.260368	2418	0.000000
281474976710655.000000	19.291513	2419	0.000000
281474976710655.000000	18.248276	2420	0.000000
281474976710655.000000	19.068384	2421	0.000000
281474976710655.000000	18.397289	2422	0.000000
281474976710655.000000	18.033997	2423	0.000000
281474976710655.000000	17.192030	2424	0.000000
281474976710655.000000	16.416830	2425	0.000000
281474976710655.000000	16.358770	2426	0.000000
281474976710655.000000	16.063915	2427	0.000000
281474976710655.000000	15.971275	2428	0.000000
281474976710655.000000	15.673131	2429	0.000000
281474976710655.000000	14.449780	2430	0.000000
281474976710655.000000	15.000767	2431	0.000000
281474976710655.000000	14.068441	2432	0.000000
281474976710655.000000	13.140499	2433	0.000000
281474976710655.000000	13.562487	2434	0.000000
