crossing time (s)	slope (V/s)	crossing number
281474976710655.000000	127.205643	3823	0.000000
281474976710655.000000	118.899628	3824	0.000000
281474976710655.000000	130.797012	3825	0.000000
281474976710655.000000	126.018524	3826	0.000000
281474976710655.000000	Inf	3827	0.000000
281474976710655.000000	112.542931	3828	0.000000
281474976710655.000000	126.899712	3829	0.000000
281474976710655.000000	122.378357	3830	0.000000
281474976710655.000000	110.265259	3831	0.000000
281474976710655.000000	106.727127	3832	0.000000
281474976710655.000000	119.832161	3833	0.000000
281474976710655.000000	Inf	3834	0.000000
281474976710655.000000	108.393898	3835	0.000000
281474976710655.000000	109.267136	3836	0.000000
281474976710655.000000	116.117950	3837	0.000000
281474976710655.000000	105.552879	3838	0.000000
281474976710655.000000	57.800106	3839	0.000000
281474976710655.000000	107.505188	3840	0.000000
281474976710655.000000	113.383888	3841	0.000000
281474976710655.000000	108.009766	3842	0.000000
281474976710655.000000	104.455139	3843	0.000000
281474976710655.000000	103.704140	3844	0.000000
281474976710655.000000	105.530685	3845	0.000000
281474976710655.000000	95.719627	3846	0.000000
281474976710655.000000	98.612297	3847	0.000000
281474976710655.000000	105.643158	3848	0.000000
281474976710655.000000	106.529808	3849	0.000000
281474976710655.000000	92.629280	3850	0.000000
281474976710655.000000	51.576820	3851	0.000000
281474976710655.000000	98.468193	3852	0.000000
281474976710655.000000	94.393990	3853	0.000000
281474976710655.000000	90.863426	3854	0.000000
281474976710655.000000	90.737808	3855	0.000000
281474976710655.000000	94.948608	3856	0.000000
281474976710655.000000	93.875290	3857	0.000000
281474976710655.000000	48.906677	3858	0.000000
281474976710655.000000	86.269829	3859	0.000000
281474976710655.000000	47.185863	3860	0.000000
281474976710655.000000	93.917488	3861	0.000000
281474976710655.000000	42.851402	3862	0.000000
281474976710655.000000	86.097672	3863	0.000000
281474976710655.000000	Inf	3864	0.000000
281474976710655.000000	83.168289	3865	0.000000
281474976710655.000000	176.661987	3866	0.000000
281474976710655.000000	85.645073	3867	0.000000
281474976710655.000000	87.295296	3868	0.000000
281474976710655.000000	177.081024	3869	0.000000
281474976710655.000000	87.820518	3870	0.000000
281474976710655.000000	54.353260	3871	0.000000
281474976710655.000000	80.410500	3872	0.000000
281474976710655.000000	78.126564	3873	0.000000
281474976710655.000000	82.915688	3874	0.000000
281474976710655.000000	53.520580	3875	0.000000
281474976710655.000000	79.827057	3876	0.000000
281474976710655.000000	168.209900	3877	0.000000
281474976710655.000000	161.210617	3878	0.000000
281474976710655.000000	72.768585	3879	0.000000
281474976710655.000000	79.845581	3880	0.000000
281474976710655.000000	76.647476	3881	0.000000
281474976710655.000000	74.158119	3882	0.000000
281474976710655.000000	70.076920	3883	0.000000
281474976710655.000000	75.394997	3884	0.000000
281474976710655.000000	53.069561	3885	0.000000
281474976710655.000000	71.647171	3886	0.000000
281474976710655.000000	71.226013	3887	0.000000
281474976710655.000000	135.956238	3888	0.000000
281474976710655.000000	52.362053	3889	0.000000
281474976710655.000000	47.044880	3890	0.000000
281474976710655.000000	78.848167	3891	0.000000
281474976710655.000000	70.051338	3892	0.000000
281474976710655.000000	71.689316	3893	0.000000
281474976710655.000000	Inf	3894	0.000000
281474976710655.000000	51.728539	3895	0.000000
281474976710655.000000	63.860523	3896	0.000000
281474976710655.000000	44.306858	3897	0.000000
281474976710655.000000	63.659214	3898	0.000000
281474976710655.000000	73.019753	3899	0.000000
281474976710655.000000	63.396152	3900	0.000000
281474976710655.000000	61.296734	3901	0.000000
281474976710655.000000	64.789787	3902	0.000000
281474976710655.000000	62.984898	3903	0.000000
281474976710655.000000	61.019165	3904	0.000000
281474976710655.000000	60.537174	3905	0.000000
281474976710655.000000	57.386227	3906	0.000000
281474976710655.000000	58.993637	3907	0.000000
281474976710655.000000	61.046562	3908	0.000000
281474976710655.000000	67.292076	3909	0.000000
281474976710655.000000	55.739548	3910	0.000000
281474976710655.000000	56.466949	3911	0.000000
281474976710655.000000	55.251808	3912	0.000000
281474976710655.000000	37.826450	3913	0.000000
281474976710655.000000	43.167747	3914	0.000000
281474976710655.000000	52.360111	3915	0.000000
281474976710655.000000	78.831558	3916	0.000000
281474976710655.000000	50.262730	3917	0.000000
281474976710655.000000	52.227169	3918	0.000000
281474976710655.000000	52.954948	3919	0.000000
281474976710655.000000	51.733406	3920	0.000000
281474976710655.000000	56.745289	3921	0.000000
281474976710655.000000	50.447140	3922	0.000000
281474976710655.000000	47.030220	3923	0.000000
281474976710655.000000	39.570023	3924	0.000000
281474976710655.000000	49.676994	3925	0.000000
281474976710655.000000	51.198006	3926	0.000000
281474976710655.000000	39.813675	3927	0.000000
281474976710655.000000	46.888325	3928	0.000000
281474976710655.000000	47.270809	3929	0.000000
281474976710655.000000	56.108829	3930	0.000000
281474976710655.000000	60.083248	3931	0.000000
281474976710655.000000	48.387867	3932	0.000000
281474976710655.000000	35.866524	3933	0.000000
281474976710655.000000	42.176151	3934	0.000000
281474976710655.000000	43.458641	3935	0.000000
281474976710655.000000	38.974880	3936	0.000000
281474976710655.000000	42.714005	3937	0.000000
281474976710655.000000	40.839764	3938	0.000000
281474976710655.000000	40.369186	3939	0.000000
281474976710655.000000	39.358582	3940	0.000000
281474976710655.000000	35.447212	3941	0.000000
281474976710655.000000	33.688251	3942	0.000000
281474976710655.000000	40.342422	3943	0.000000
281474976710655.000000	41.868965	3944	0.000000
281474976710655.000000	53.735863	3945	0.000000
281474976710655.000000	50.509529	3946	0.000000
281474976710655.000000	52.959064	3947	0.000000
281474976710655.000000	50.653610	3948	0.000000
281474976710655.000000	46.022778	3949	0.000000
281474976710655.000000	36.213573	3950	0.000000
281474976710655.000000	35.294994	3951	0.000000
281474976710655.000000	38.471272	3952	0.000000
281474976710655.000000	31.663088	3953	0.000000
281474976710655.000000	45.104176	3954	0.000000
281474976710655.000000	34.107983	3955	0.000000
281474976710655.000000	33.550114	3956	0.000000
281474976710655.000000	33.294971	3957	0.000000
281474976710655.000000	32.610703	3958	0.000000
281474976710655.000000	31.780043	3959	0.000000
281474976710655.000000	34.427708	3960	0.000000
281474976710655.000000	36.159454	3961	0.000000
281474976710655.000000	37.604164	3962	0.000000
281474976710655.000000	32.761253	3963	0.000000
281474976710655.000000	32.769672	3964	0.000000
281474976710655.000000	27.686363	3965	0.000000
281474976710655.000000	30.117802	3966	0.000000
281474976710655.000000	29.610739	3967	0.000000
281474976710655.000000	35.709496	3968	0.000000
281474976710655.000000	35.319786	3969	0.000000
281474976710655.000000	30.975561	3970	0.000000
281474976710655.000000	27.819410	3971	0.000000
281474976710655.000000	30.158947	3972	0.000000
281474976710655.000000	27.544674	3973	0.000000
281474976710655.000000	28.418381	3974	0.000000
281474976710655.000000	29.515520	3975	0.000000
281474976710655.000000	27.139246	3976	0.000000
281474976710655.000000	27.151739	3977	0.000000
281474976710655.000000	29.651941	3978	0.000000
281474976710655.000000	30.195944	3979	0.000000
281474976710655.000000	25.784475	3980	0.000000
281474976710655.000000	30.438976	3981	0.000000
281474976710655.000000	29.579433	3982	0.000000
281474976710655.000000	28.826099	3983	0.000000
281474976710655.000000	27.795017	3984	0.000000
281474976710655.000000	26.519543	3985	0.000000
281474976710655.000000	28.603558	3986	0.000000
281474976710655.000000	28.427273	3987	0.000000
281474976710655.000000	28.312006	3988	0.000000
281474976710655.000000	24.512012	3989	0.000000
281474976710655.000000	27.745968	3990	0.000000
281474976710655.000000	23.265741	3991	0.000000
281474976710655.000000	26.176203	3992	0.000000
281474976710655.000000	26.069252	3993	0.000000
281474976710655.000000	25.314287	3994	0.000000
281474976710655.000000	25.442617	3995	0.000000
281474976710655.000000	22.254412	3996	0.000000
281474976710655.000000	24.631350	3997	0.000000
281474976710655.000000	23.646902	3998	0.000000
281474976710655.000000	23.950216	3999	0.000000
281474976710655.000000	22.879982	4000	0.000000
281474976710655.000000	20.499004	4001	0.000000
281474976710655.000000	23.483181	4002	0.000000
281474976710655.000000	22.761396	4003	0.000000
281474976710655.000000	23.058929	4004	0.000000
281474976710655.000000	21.285891	4005	0.000000
281474976710655.000000	22.290037	4006	0.000000
281474976710655.000000	21.463770	4007	0.000000
281474976710655.000000	22.508484	4008	0.000000
281474976710655.000000	22.305302	4009	0.000000
281474976710655.000000	21.088657	4010	0.000000
281474976710655.000000	20.809643	4011	0.000000
281474976710655.000000	21.119305	4012	0.000000
281474976710655.000000	21.245472	4013	0.000000
281474976710655.000000	21.131844	4014	0.000000
281474976710655.000000	19.386127	4015	0.000000
281474976710655.000000	19.698936	4016	0.000000
281474976710655.000000	19.651285	4017	0.000000
281474976710655.000000	18.777542	4018	0.000000
281474976710655.000000	19.021177	4019	0.000000
281474976710655.000000	19.445847	4020	0.000000
281474976710655.000000	18.538614	4021	0.000000
281474976710655.000000	18.176676	4022	0.000000
281474976710655.000000	18.281460	4023	0.000000
281474976710655.000000	17.565788	4024	0.000000
281474976710655.000000	18.011389	4025	0.000000
281474976710655.000000	17.389362	4026	0.000000
281474976710655.000000	18.011112	4027	0.000000
281474976710655.000000	17.280296	4028	0.000000
281474976710655.000000	18.044350	4029	0.000000
281474976710655.000000	16.631481	4030	0.000000
281474976710655.000000	16.987812	4031	0.000000
281474976710655.000000	16.277700	4032	0.000000
281474976710655.000000	16.930283	4033	0.000000
281474976710655.000000	16.829369	4034	0.000000
281474976710655.000000	16.213829	4035	0.000000
281474976710655.000000	15.724142	4036	0.000000
281474976710655.000000	15.507169	4037	0.000000
281474976710655.000000	15.389976	4038	0.000000
281474976710655.000000	15.732276	4039	0.000000
281474976710655.000000	14.429338	4040	0.000000
281474976710655.000000	13.386587	4041	0.000000
281474976710655.000000	14.627330	4042	0.000000
281474976710655.000000	13.685158	4043	0.000000
281474976710655.000000	14.657181	4044	0.000000
281474976710655.000000	15.014464	4045	0.000000
281474976710655.000000	14.321416	4046	0.000000
281474976710655.000000	14.594917	4047	0.000000
281474976710655.000000	14.219885	4048	0.000000
281474976710655.000000	14.067527	4049	0.000000
281474976710655.000000	14.339378	4050	0.000000
281474976710655.000000	13.274199	4051	0.000000
281474976710655.000000	13.575406	4052	0.000000
281474976710655.000000	13.355377	4053	0.000000
281474976710655.000000	12.755882	4054	0.000000
281474976710655.000000	12.878554	4055	0.000000
281474976710655.000000	12.373678	4056	0.000000
281474976710655.000000	12.713992	4057	0.000000
281474976710655.000000	12.538310	4058	0.000000
