crossing time (s)	slope (V/s)	crossing number
281474976710655.000000	Inf	590	0.000000
281474976710655.000000	-53.301544	591	0.000000
281474976710655.000000	-98.103699	592	0.000000
281474976710655.000000	-93.674316	593	0.000000
281474976710655.000000	Inf	594	0.000000
281474976710655.000000	Inf	595	0.000000
281474976710655.000000	-84.558861	596	0.000000
281474976710655.000000	-76.368080	597	0.000000
281474976710655.000000	-80.214317	598	0.000000
281474976710655.000000	-75.720238	599	0.000000
281474976710655.000000	-72.825394	600	0.000000
