crossing time (s)	slope (V/s)	crossing number
281474976710655.000000	-125.711823	177	0.000000
281474976710655.000000	-98.343788	178	0.000000
281474976710655.000000	-103.551468	179	0.000000
281474976710655.000000	-69.709129	180	0.000000
281474976710655.000000	-35.627777	181	0.000000
281474976710655.000000	-29.046036	182	0.000000
281474976710655.000000	-18.155788	183	0.000000
281474976710655.000000	-12.715147	184	0.000000
281474976710655.000000	-8.099315	185	0.000000
281474976710655.000000	-5.558711	186	0.000000
281474976710655.000000	-3.682412	187	0.000000
281474976710655.000000	-2.527292	188	0.000000
