crossing time (s)	slope (V/s)	crossing number
281474976710655.000000	-59.132332	611	0.000000
281474976710655.000000	Inf	612	0.000000
281474976710655.000000	-77.006409	613	0.000000
281474976710655.000000	-120.780396	614	0.000000
281474976710655.000000	-114.188660	615	0.000000
281474976710655.000000	Inf	616	0.000000
281474976710655.000000	-115.970497	617	0.000000
281474976710655.000000	-91.795387	618	0.000000
281474976710655.000000	Inf	619	0.000000
281474976710655.000000	-97.250633	620	0.000000
281474976710655.000000	-91.001381	621	0.000000
281474976710655.000000	-48.966396	622	0.000000
