crossing time (s)	slope (V/s)	crossing number
281474976710655.000000	2.195562	241	0.000000
281474976710655.000000	1.885293	242	0.000000
281474976710655.000000	1.554864	243	0.000000
281474976710655.000000	1.337409	244	0.000000
281474976710655.000000	1.211208	245	0.000000
281474976710655.000000	1.207387	246	0.000000
281474976710655.000000	1.114266	247	0.000000
281474976710655.000000	1.083980	248	0.000000
281474976710655.000000	1.034384	249	0.000000
281474976710655.000000	1.338524	250	0.000000
281474976710655.000000	1.523563	251	0.000000
281474976710655.000000	2.784785	252	0.000000
