crossing time (s)	slope (V/s)	crossing number
281474976710655.000000	130.652512	4115	0.000000
281474976710655.000000	129.221680	4116	0.000000
281474976710655.000000	120.630081	4117	0.000000
281474976710655.000000	118.236763	4118	0.000000
281474976710655.000000	124.345772	4119	0.000000
281474976710655.000000	62.281700	4120	0.000000
281474976710655.000000	117.948135	4121	0.000000
281474976710655.000000	117.568954	4122	0.000000
281474976710655.000000	Inf	4123	0.000000
281474976710655.000000	124.822319	4124	0.000000
281474976710655.000000	126.203651	4125	0.000000
281474976710655.000000	Inf	4126	0.000000
281474976710655.000000	119.548744	4127	0.000000
281474976710655.000000	77.254852	4128	0.000000
281474976710655.000000	Inf	4129	0.000000
281474976710655.000000	112.726044	4130	0.000000
281474976710655.000000	Inf	4131	0.000000
281474976710655.000000	104.733910	4132	0.000000
281474976710655.000000	105.458237	4133	0.000000
281474976710655.000000	115.190224	4134	0.000000
281474976710655.000000	57.052078	4135	0.000000
281474976710655.000000	106.424194	4136	0.000000
281474976710655.000000	106.122719	4137	0.000000
281474976710655.000000	100.800636	4138	0.000000
281474976710655.000000	Inf	4139	0.000000
281474976710655.000000	98.874664	4140	0.000000
281474976710655.000000	106.616096	4141	0.000000
281474976710655.000000	106.227882	4142	0.000000
281474976710655.000000	96.651176	4143	0.000000
281474976710655.000000	101.589127	4144	0.000000
281474976710655.000000	104.415970	4145	0.000000
281474976710655.000000	100.951447	4146	0.000000
281474976710655.000000	93.795288	4147	0.000000
281474976710655.000000	192.134766	4148	0.000000
281474976710655.000000	94.605019	4149	0.000000
281474976710655.000000	94.876213	4150	0.000000
281474976710655.000000	90.497314	4151	0.000000
281474976710655.000000	96.164879	4152	0.000000
281474976710655.000000	63.645031	4153	0.000000
281474976710655.000000	98.473427	4154	0.000000
281474976710655.000000	94.023262	4155	0.000000
281474976710655.000000	45.019192	4156	0.000000
281474976710655.000000	90.434082	4157	0.000000
281474976710655.000000	42.917130	4158	0.000000
281474976710655.000000	58.940948	4159	0.000000
281474976710655.000000	85.859009	4160	0.000000
281474976710655.000000	162.553818	4161	0.000000
281474976710655.000000	88.220123	4162	0.000000
281474976710655.000000	43.908791	4163	0.000000
281474976710655.000000	80.499420	4164	0.000000
281474976710655.000000	176.848511	4165	0.000000
281474976710655.000000	155.699478	4166	0.000000
281474976710655.000000	85.628738	4167	0.000000
281474976710655.000000	85.157402	4168	0.000000
281474976710655.000000	80.100769	4169	0.000000
281474976710655.000000	79.380692	4170	0.000000
281474976710655.000000	79.717125	4171	0.000000
281474976710655.000000	83.128845	4172	0.000000
281474976710655.000000	78.911606	4173	0.000000
281474976710655.000000	75.146011	4174	0.000000
281474976710655.000000	74.654152	4175	0.000000
281474976710655.000000	37.376682	4176	0.000000
281474976710655.000000	75.944328	4177	0.000000
281474976710655.000000	57.190319	4178	0.000000
281474976710655.000000	56.609497	4179	0.000000
281474976710655.000000	74.558098	4180	0.000000
281474976710655.000000	69.658165	4181	0.000000
281474976710655.000000	56.712265	4182	0.000000
281474976710655.000000	80.842720	4183	0.000000
281474976710655.000000	54.660156	4184	0.000000
281474976710655.000000	68.047989	4185	0.000000
281474976710655.000000	69.373146	4186	0.000000
281474976710655.000000	71.438431	4187	0.000000
281474976710655.000000	69.799301	4188	0.000000
281474976710655.000000	67.871658	4189	0.000000
281474976710655.000000	68.014915	4190	0.000000
281474976710655.000000	68.416397	4191	0.000000
281474976710655.000000	67.314575	4192	0.000000
281474976710655.000000	49.895039	4193	0.000000
281474976710655.000000	65.217072	4194	0.000000
281474976710655.000000	65.525108	4195	0.000000
281474976710655.000000	69.976974	4196	0.000000
281474976710655.000000	61.968483	4197	0.000000
281474976710655.000000	98.148354	4198	0.000000
281474976710655.000000	63.722103	4199	0.000000
281474976710655.000000	59.467361	4200	0.000000
281474976710655.000000	63.414909	4201	0.000000
281474976710655.000000	99.390976	4202	0.000000
281474976710655.000000	61.267841	4203	0.000000
281474976710655.000000	59.609741	4204	0.000000
281474976710655.000000	48.484203	4205	0.000000
281474976710655.000000	44.452011	4206	0.000000
281474976710655.000000	38.809994	4207	0.000000
281474976710655.000000	44.187809	4208	0.000000
281474976710655.000000	63.894577	4209	0.000000
281474976710655.000000	38.725220	4210	0.000000
281474976710655.000000	62.281025	4211	0.000000
281474976710655.000000	54.662224	4212	0.000000
281474976710655.000000	54.947971	4213	0.000000
281474976710655.000000	54.544277	4214	0.000000
281474976710655.000000	35.830925	4215	0.000000
281474976710655.000000	51.765167	4216	0.000000
281474976710655.000000	40.590294	4217	0.000000
281474976710655.000000	71.877617	4218	0.000000
281474976710655.000000	50.205864	4219	0.000000
281474976710655.000000	72.507866	4220	0.000000
281474976710655.000000	37.032406	4221	0.000000
281474976710655.000000	58.307262	4222	0.000000
281474976710655.000000	48.404957	4223	0.000000
281474976710655.000000	67.643089	4224	0.000000
281474976710655.000000	35.603020	4225	0.000000
281474976710655.000000	41.074078	4226	0.000000
281474976710655.000000	35.747524	4227	0.000000
281474976710655.000000	46.325302	4228	0.000000
281474976710655.000000	46.690876	4229	0.000000
281474976710655.000000	43.442314	4230	0.000000
281474976710655.000000	44.561634	4231	0.000000
281474976710655.000000	43.725258	4232	0.000000
281474976710655.000000	36.595528	4233	0.000000
281474976710655.000000	37.272099	4234	0.000000
281474976710655.000000	45.107391	4235	0.000000
281474976710655.000000	33.417286	4236	0.000000
281474976710655.000000	46.198910	4237	0.000000
281474976710655.000000	41.198105	4238	0.000000
281474976710655.000000	49.146194	4239	0.000000
281474976710655.000000	41.403362	4240	0.000000
281474976710655.000000	42.511711	4241	0.000000
281474976710655.000000	51.286335	4242	0.000000
281474976710655.000000	44.102753	4243	0.000000
281474976710655.000000	33.466919	4244	0.000000
281474976710655.000000	37.700779	4245	0.000000
281474976710655.000000	42.277473	4246	0.000000
281474976710655.000000	44.821884	4247	0.000000
281474976710655.000000	32.649879	4248	0.000000
281474976710655.000000	37.771084	4249	0.000000
281474976710655.000000	40.401096	4250	0.000000
281474976710655.000000	39.508629	4251	0.000000
281474976710655.000000	32.790489	4252	0.000000
281474976710655.000000	37.977230	4253	0.000000
281474976710655.000000	35.232880	4254	0.000000
281474976710655.000000	39.508366	4255	0.000000
281474976710655.000000	37.955372	4256	0.000000
281474976710655.000000	40.077888	4257	0.000000
281474976710655.000000	36.552845	4258	0.000000
281474976710655.000000	37.279213	4259	0.000000
281474976710655.000000	36.295185	4260	0.000000
281474976710655.000000	32.244717	4261	0.000000
281474976710655.000000	37.325935	4262	0.000000
281474976710655.000000	36.173752	4263	0.000000
281474976710655.000000	32.528816	4264	0.000000
281474976710655.000000	28.773771	4265	0.000000
281474976710655.000000	33.908638	4266	0.000000
281474976710655.000000	28.840492	4267	0.000000
281474976710655.000000	28.638550	4268	0.000000
281474976710655.000000	27.984362	4269	0.000000
281474976710655.000000	29.222544	4270	0.000000
281474976710655.000000	27.675329	4271	0.000000
281474976710655.000000	26.865850	4272	0.000000
281474976710655.000000	29.288267	4273	0.000000
281474976710655.000000	31.744823	4274	0.000000
281474976710655.000000	29.448647	4275	0.000000
281474976710655.000000	25.414742	4276	0.000000
281474976710655.000000	31.723742	4277	0.000000
281474976710655.000000	30.819580	4278	0.000000
281474976710655.000000	29.186033	4279	0.000000
281474976710655.000000	25.242706	4280	0.000000
281474976710655.000000	26.197506	4281	0.000000
281474976710655.000000	28.876816	4282	0.000000
281474976710655.000000	30.254847	4283	0.000000
281474976710655.000000	27.499870	4284	0.000000
281474976710655.000000	23.291933	4285	0.000000
281474976710655.000000	26.644478	4286	0.000000
281474976710655.000000	26.030529	4287	0.000000
281474976710655.000000	26.257015	4288	0.000000
281474976710655.000000	24.086897	4289	0.000000
281474976710655.000000	24.934435	4290	0.000000
281474976710655.000000	22.343325	4291	0.000000
281474976710655.000000	24.975582	4292	0.000000
281474976710655.000000	21.432713	4293	0.000000
281474976710655.000000	22.329973	4294	0.000000
281474976710655.000000	24.752964	4295	0.000000
281474976710655.000000	23.404314	4296	0.000000
281474976710655.000000	25.201796	4297	0.000000
281474976710655.000000	23.600178	4298	0.000000
281474976710655.000000	22.986904	4299	0.000000
281474976710655.000000	23.205091	4300	0.000000
281474976710655.000000	22.740297	4301	0.000000
281474976710655.000000	20.948286	4302	0.000000
281474976710655.000000	20.611757	4303	0.000000
281474976710655.000000	19.728552	4304	0.000000
281474976710655.000000	20.261326	4305	0.000000
281474976710655.000000	22.243135	4306	0.000000
281474976710655.000000	22.865191	4307	0.000000
281474976710655.000000	20.323505	4308	0.000000
281474976710655.000000	20.206570	4309	0.000000
281474976710655.000000	20.174780	4310	0.000000
281474976710655.000000	20.991119	4311	0.000000
281474976710655.000000	19.285469	4312	0.000000
281474976710655.000000	19.261127	4313	0.000000
281474976710655.000000	17.956007	4314	0.000000
281474976710655.000000	19.357718	4315	0.000000
281474976710655.000000	18.266766	4316	0.000000
281474976710655.000000	19.403887	4317	0.000000
281474976710655.000000	18.132179	4318	0.000000
281474976710655.000000	18.157778	4319	0.000000
281474976710655.000000	17.847158	4320	0.000000
281474976710655.000000	17.549391	4321	0.000000
281474976710655.000000	17.346201	4322	0.000000
281474976710655.000000	17.369663	4323	0.000000
281474976710655.000000	16.563868	4324	0.000000
281474976710655.000000	17.398617	4325	0.000000
281474976710655.000000	16.895309	4326	0.000000
281474976710655.000000	16.642908	4327	0.000000
281474976710655.000000	16.584795	4328	0.000000
281474976710655.000000	15.584689	4329	0.000000
281474976710655.000000	16.684261	4330	0.000000
281474976710655.000000	16.041681	4331	0.000000
281474976710655.000000	16.639364	4332	0.000000
281474976710655.000000	15.608399	4333	0.000000
281474976710655.000000	16.024319	4334	0.000000
281474976710655.000000	15.363627	4335	0.000000
281474976710655.000000	15.538617	4336	0.000000
281474976710655.000000	14.637706	4337	0.000000
281474976710655.000000	15.347659	4338	0.000000
281474976710655.000000	14.731340	4339	0.000000
281474976710655.000000	14.632624	4340	0.000000
281474976710655.000000	14.706996	4341	0.000000
281474976710655.000000	13.865712	4342	0.000000
281474976710655.000000	14.734682	4343	0.000000
281474976710655.000000	14.343868	4344	0.000000
281474976710655.000000	14.555483	4345	0.000000
281474976710655.000000	14.241733	4346	0.000000
281474976710655.000000	12.976576	4347	0.000000
281474976710655.000000	13.369464	4348	0.000000
281474976710655.000000	14.076483	4349	0.000000
281474976710655.000000	13.018851	4350	0.000000
281474976710655.000000	12.944956	4351	0.000000
281474976710655.000000	12.533236	4352	0.000000
281474976710655.000000	11.997937	4353	0.000000
