num crossings	time (s)	maj axis (mm)	min axis (mm)	theta (rad )	slope (V/s)
4113	6223.392825	82.729454	1.120818	2.552144	98.046033
4115	6235.694466	89.202720	8.205971	2.828970	98.046033
4117	6237.778447	91.032523	-0.290826	2.597757	133.262812
4119	6239.862687	90.449835	-0.148920	2.591114	116.841196
4121	6241.940968	90.086461	-0.035031	2.590686	114.842224
4123	6244.016290	89.740840	0.011503	2.597422	115.304367
4125	6246.093685	88.920806	-0.012376	2.601078	108.332287
4127	6248.172208	87.938639	-0.086023	2.604739	124.655199
4129	6250.254719	87.007629	-0.106550	2.600964	108.588304
4131	6252.337564	86.352574	-0.031400	2.598994	110.586008
4133	6254.419731	85.565894	0.058767	2.596593	106.926648
4135	6256.501096	85.014440	0.112718	2.596561	105.258421
4137	6258.582200	84.258481	0.181756	2.597588	104.936988
4139	6260.662019	83.674704	0.189799	2.597526	103.281192
4141	6262.742202	82.956252	0.193934	2.598970	98.116840
4143	6264.821359	82.273755	0.198581	2.598260	103.045553
4145	6266.901242	81.618705	0.242232	2.600175	95.685402
4147	6268.978827	81.078771	0.249025	2.598511	98.929080
4149	6271.056506	80.497730	0.296292	2.597277	94.596660
4151	6273.132813	79.880748	0.329979	2.594054	94.268767
4153	6275.210306	79.009426	0.387567	2.588259	92.494714
4155	6277.289685	78.013230	0.462388	2.588623	90.432632
4157	6279.372959	77.027285	0.475247	2.591994	90.666012
4159	6281.457594	76.435249	0.550525	2.598324	85.956302
4161	6283.540202	76.003062	0.466453	2.602715	86.800863
4163	6285.618878	75.657142	0.403497	2.600092	84.306153
4165	6287.693871	75.161277	0.496336	2.595947	83.461291
4167	6289.769546	74.400169	0.555465	2.589578	79.685537
4169	6291.846788	73.510012	0.635518	2.587076	82.703379
4171	6293.927269	72.633391	0.690751	2.588394	78.506958
4173	6296.009531	71.910508	0.693100	2.591059	77.323212
4175	6298.092535	71.229189	0.701403	2.592667	76.291767
4177	6300.174306	70.635562	0.677430	2.593923	73.362442
4179	6302.255521	70.000799	0.710666	2.593837	72.980592
4181	6304.335734	69.436740	0.746923	2.593999	72.051856
4183	6306.415765	68.882614	0.765021	2.593188	71.073611
4185	6308.495261	68.278145	0.812617	2.591281	67.326880
4187	6310.574147	67.721933	0.848120	2.590646	70.954331
4189	6312.652631	67.074809	0.876100	2.589806	68.289729
4191	6314.729878	66.586994	0.923465	2.590307	65.610969
4193	6316.806880	65.912102	0.912138	2.590397	63.627338
4195	6318.882920	65.247833	0.901759	2.592626	61.607050
4197	6320.960259	64.659608	0.969459	2.594368	61.203301
4199	6323.038934	63.891291	0.916933	2.595413	63.169456
4201	6325.121021	63.155446	0.920498	2.594430	59.918145
4203	6327.204570	62.493821	0.945945	2.592089	60.166339
4205	6329.288981	61.940457	1.011942	2.586406	58.822780
4207	6331.371015	61.383517	1.064360	2.584631	57.203897
4209	6333.449700	60.983632	1.130521	2.585568	55.254126
4211	6335.525420	60.407251	1.136868	2.587895	55.459037
4213	6337.600449	59.793771	1.141376	2.590970	53.889545
4215	6339.676606	59.192917	1.142571	2.592891	52.624847
4217	6341.753922	58.562960	1.134911	2.592688	52.582534
4219	6343.832735	57.932540	1.126871	2.592582	50.794398
4221	6345.912088	57.423623	1.170171	2.591879	49.688298
4223	6347.992285	56.789665	1.181251	2.591220	49.460669
4225	6350.071483	56.272180	1.213972	2.590134	49.032885
4227	6352.150954	55.818249	1.247449	2.589538	47.608099
4229	6354.230171	55.211662	1.276959	2.588825	46.083252
4231	6356.308683	54.620198	1.275413	2.587514	45.199528
4233	6358.387800	54.065478	1.320298	2.585883	45.382327
4235	6360.467837	53.322955	1.347481	2.584666	43.784272
4237	6362.548879	52.703163	1.370267	2.584882	42.710404
4239	6364.631622	52.028417	1.366066	2.586517	41.700192
4241	6366.715687	51.500903	1.367304	2.588850	40.853879
4243	6368.798599	51.046192	1.385866	2.591175	41.623499
4245	6370.879898	50.769354	1.408292	2.593910	37.843346
4247	6372.958807	50.447301	1.410024	2.593203	39.347206
4249	6375.034182	50.085941	1.405301	2.590801	37.444442
4251	6377.108422	49.574254	1.439348	2.587513	37.699181
4253	6379.182947	48.956805	1.450013	2.584408	35.342436
4255	6381.259802	48.351693	1.482530	2.582619	34.660315
4257	6383.337420	47.688627	1.492256	2.581825	34.693717
4259	6385.417150	47.089449	1.518024	2.582441	34.327416
4261	6387.497754	46.620759	1.518244	2.583341	34.513895
4263	6389.578171	46.161988	1.548305	2.583746	33.128635
4265	6391.658471	45.670047	1.545977	2.584335	31.903225
4267	6393.738470	45.274026	1.559083	2.584510	32.454099
4269	6395.816858	44.837848	1.566556	2.584840	32.227900
4271	6397.895682	44.375121	1.577760	2.585376	31.261557
4273	6399.973280	43.930205	1.575474	2.586246	29.095271
4275	6402.051172	43.512628	1.584655	2.586951	29.250113
4277	6404.129150	42.992932	1.616328	2.588060	28.622204
4279	6406.207877	42.492317	1.594278	2.589555	28.076832
4281	6408.287953	42.164550	1.603476	2.590159	27.753542
4283	6410.370705	41.680949	1.613014	2.590184	26.858036
4285	6412.454065	41.289653	1.571303	2.587993	27.103564
4287	6414.538555	40.889080	1.605522	2.585096	26.197856
4289	6416.621902	40.499610	1.638841	2.581119	25.528833
4291	6418.704177	40.123440	1.654202	2.578661	25.708289
4293	6420.783889	39.853690	1.672611	2.578668	24.259665
4295	6422.860613	39.375211	1.669598	2.580332	23.840292
4297	6424.935161	39.006015	1.649715	2.582382	22.992206
4299	6427.010357	38.521155	1.656013	2.584080	23.361661
4301	6429.086372	38.039924	1.657062	2.585991	22.483763
4303	6431.162926	37.660406	1.650421	2.585930	21.653367
4305	6433.239979	37.237937	1.641062	2.585743	21.991335
4307	6435.319216	36.750453	1.654186	2.584728	21.172483
4309	6437.398535	36.445289	1.637599	2.583483	21.133864
4311	6439.477834	36.076114	1.647062	2.582742	19.768944
4313	6441.556946	35.638758	1.646899	2.581951	20.104229
4315	6443.638824	35.224262	1.642882	2.581323	19.141758
4317	6445.721518	34.863949	1.661086	2.582533	19.753881
4319	6447.805564	34.365207	1.656020	2.584953	19.003735
4321	6449.890062	34.190864	1.654251	2.586541	18.342703
4323	6451.972523	33.991345	1.628965	2.589783	17.765944
4325	6454.053967	33.669758	1.605252	2.593336	17.088412
4327	6456.132752	33.556322	1.623663	2.592957	17.101111
4329	6458.208202	33.194738	1.619658	2.592172	16.513023
4331	6460.281164	32.773895	1.642603	2.591046	16.279630
4333	6462.355159	32.482539	1.633727	2.587152	16.081555
4335	6464.429180	32.124425	1.644699	2.585413	15.125577
4337	6466.504178	31.718851	1.647787	2.584034	15.015823
4339	6468.581200	31.308771	1.650342	2.582954	15.041493
4341	6470.659249	31.021816	1.635009	2.583957	14.659067
4343	6472.738653	30.606892	1.643822	2.583829	14.957163
4345	6474.814473	30.289888	1.614891	2.584478	14.871207
4347	6476.893927	29.953239	1.614026	2.584872	14.252386
4349	6478.972552	29.598109	1.630006	2.586608	13.125547
4351	6481.052980	29.274852	1.596344	2.588509	14.273011
4353	6483.131672	28.939026	1.594494	2.589616	12.933182
